INDV	BC05	BC06	BC08	BC39	BC41	BC49	BC61	BC86	BC88	BC0105	BC0136	BC0148	BC0156	BC0166	BC0181	BC0194	BC0195	BC0196	BC0211	BC0212	BC0218	BC0251	BC0252	BC0253	BC0295	BC0312	BC0315	BC0316	BC0317	BC0318	BC0332	BC0335	BC0349	BC0351	BC0353	BC0354	BC0368	BC0370	BC0371	BC0388	BC0389	BC0390	BC0392	BC0434	BC0462	BC0464	BC0465	BC0469	BC0491	BC0529	BC0532	BC0533	BC0536	BC0540	BC0541	BC0559	BC0560	BC0563	BC0564	BC0576	BC0578	BC0582	BC0584	BC0587	BC0591	BC0609	BC0610	BC0611	BC0641	BC0644	BC0707	BC0725
1A	0	1	0	0	0	0	0	0	1	0	0	0	0	0	0	0	0	0	1	0	0	0	0	0	0	0	1	1	1	0	0	1	0	1	0	0	1	0	0	0	0	0	0	0	0	0	0	0	0	0	1	1	1	0	0	1	0	0	1	0	0	0	0	0	0	0	0	0	0	0	0	0
2A	0	1	0	0	0	0	0	0	1	0	0	1	0	0	0	1	0	0	1	0	0	0	0	0	0	0	1	1	1	0	0	1	0	1	0	0	1	0	0	0	0	0	0	0	0	1	1	0	0	0	1	1	1	0	0	1	0	1	1	0	0	0	0	0	0	0	1	0	1	0	0	0
3A	0	1	0	0	0	0	0	0	1	0	0	1	0	0	0	0	0	0	1	0	0	0	0	0	0	0	1	1	1	0	0	0	0	1	0	0	1	0	0	0	0	0	0	0	0	1	1	0	0	0	1	1	1	0	0	1	0	1	0	0	0	0	0	0	0	0	1	0	1	0	0	0
4A	0	1	0	0	0	0	0	0	1	0	0	1	0	0	0	1	0	0	1	0	0	0	0	0	0	0	1	1	1	0	0	1	0	1	0	0	1	0	0	0	0	0	0	0	1	0	1	0	0	0	1	1	1	0	0	1	0	0	1	0	0	0	0	0	0	0	0	0	1	0	0	0
5A	0	1	0	0	0	0	0	0	1	0	0	1	0	0	0	0	0	0	1	0	0	0	0	0	0	0	1	1	1	0	0	1	0	1	0	0	1	0	0	0	0	0	0	0	0	1	1	0	0	0	1	1	1	0	0	1	0	1	0	0	0	0	0	0	0	0	1	0	1	0	0	0
6A	0	1	0	0	0	0	0	0	1	0	0	1	0	0	0	1	0	0	1	0	0	0	0	0	0	0	1	1	1	0	0	1	0	1	0	0	1	0	0	0	0	0	0	0	1	0	1	0	0	0	1	1	1	0	0	1	0	0	1	0	0	0	0	0	0	0	0	0	1	0	0	0
7A	0	1	0	0	0	0	0	0	1	0	0	1	0	0	0	0	0	0	1	0	0	0	0	0	0	0	1	1	1	0	0	1	0	1	0	0	1	0	0	0	0	0	0	0	0	1	1	0	0	0	1	1	1	0	0	1	0	1	1	0	0	0	0	0	0	0	1	0	1	0	0	0
8A	0	1	0	0	0	0	0	0	1	1	0	1	0	0	0	0	0	0	1	0	0	0	0	0	1	0	1	1	1	0	0	1	0	0	1	0	1	0	0	0	0	0	0	0	0	0	1	0	0	0	1	1	1	0	0	1	0	1	1	0	1	1	0	0	0	0	1	0	1	0	0	0
9A	0	1	0	0	0	0	0	0	1	0	0	1	0	0	0	1	0	0	0	0	0	0	0	0	0	0	1	1	1	0	0	1	0	1	0	0	1	0	0	0	0	0	0	0	1	0	1	0	0	0	1	1	1	0	0	1	0	0	1	0	0	0	0	0	0	0	0	0	1	0	0	0
10A	0	1	0	0	0	0	1	0	1	0	0	1	1	0	1	1	0	1	1	0	0	1	0	0	1	0	1	1	1	1	0	1	0	0	0	0	1	0	0	0	0	0	0	0	1	0	1	0	0	0	1	1	1	0	0	1	0	1	1	0	0	0	0	0	0	0	1	0	1	0	0	0
11A	0	1	0	0	0	0	0	0	1	0	0	1	0	0	0	1	0	0	1	0	0	0	0	0	0	0	1	1	1	0	0	1	0	1	0	0	1	0	0	0	0	0	0	0	1	0	1	0	0	0	1	1	1	0	0	1	0	0	1	0	0	0	0	0	0	0	0	0	1	0	0	0
12A	0	1	0	0	0	0	0	0	1	0	0	1	0	0	0	1	0	0	1	0	0	0	0	0	0	0	1	1	0	0	0	1	0	1	0	0	1	0	0	0	0	0	0	0	1	0	1	0	0	0	0	1	1	0	0	1	0	0	1	0	0	0	0	0	0	0	0	0	1	0	0	0
13A	0	1	0	0	0	0	0	0	1	0	0	1	0	0	0	1	0	0	1	0	0	0	0	0	0	0	1	1	1	0	0	1	0	1	0	0	1	0	0	0	0	0	0	0	1	0	1	0	0	0	1	1	1	0	0	1	0	0	1	0	0	0	0	0	0	0	0	0	1	0	0	0
14A	0	1	0	0	0	0	0	0	1	0	0	1	0	0	0	1	0	0	1	0	0	0	0	0	0	0	1	1	1	0	0	1	0	1	0	0	1	0	0	0	0	0	0	0	1	0	1	0	0	0	1	1	1	0	0	1	0	0	1	0	0	0	0	0	0	0	0	0	1	0	0	0
15A	0	1	0	0	0	0	0	0	1	0	0	1	0	0	0	1	0	0	1	0	0	0	0	0	0	0	1	1	1	0	0	1	0	1	0	0	1	0	0	0	0	0	0	0	1	0	1	0	0	0	1	1	1	0	0	1	0	0	0	0	0	0	0	0	0	0	0	0	1	0	0	0
16A	0	1	0	0	0	0	0	0	1	0	0	1	0	0	0	1	0	0	1	0	0	0	0	0	0	0	1	1	1	0	0	1	0	1	0	0	1	0	0	0	0	0	0	0	1	0	1	0	0	0	1	1	1	0	0	1	0	0	1	0	0	0	0	0	0	0	0	0	1	0	0	0
17A	0	1	0	0	0	0	0	0	1	0	0	1	0	0	0	1	0	0	1	0	0	0	0	0	0	0	1	1	1	0	0	1	0	1	0	0	1	0	0	0	0	0	0	0	0	0	1	0	0	0	0	1	1	0	0	1	0	0	1	0	0	0	0	0	0	0	0	0	1	0	0	0
18A	0	1	0	0	0	0	0	0	1	0	0	0	0	0	0	1	0	0	1	0	0	0	0	0	0	0	1	1	1	0	0	1	0	0	0	0	1	0	0	0	0	0	0	0	0	0	0	0	0	0	1	1	1	0	0	1	0	0	0	0	0	0	0	0	0	0	0	0	1	0	0	0
19A	0	1	0	0	0	0	0	0	1	0	0	1	0	0	0	1	0	0	1	0	0	0	0	0	0	0	1	1	1	0	0	1	0	1	0	0	1	0	0	0	0	0	0	0	1	0	1	0	0	0	1	1	1	0	0	1	0	0	1	0	0	0	0	0	0	0	0	0	1	0	0	0
20A	0	1	0	0	0	0	0	0	1	0	0	1	0	0	0	1	0	0	1	0	0	0	0	0	0	0	1	1	1	0	0	1	0	1	0	0	1	0	0	0	0	0	0	0	1	0	1	0	0	0	1	1	1	0	0	1	0	0	1	0	0	0	0	0	0	0	0	0	1	0	0	0
21A	0	1	0	0	0	0	0	0	1	0	0	1	0	0	0	1	0	0	1	0	0	0	0	0	0	0	1	1	1	0	0	1	0	1	0	0	1	0	0	0	0	0	0	0	1	0	1	0	0	0	1	1	1	0	0	1	0	0	1	0	0	0	0	0	0	0	0	0	1	0	0	0
22A	0	1	0	0	0	0	0	0	1	0	0	1	0	0	0	0	0	0	1	0	0	0	0	0	0	0	0	0	0	0	1	1	0	0	0	0	0	0	0	0	0	0	0	0	0	0	0	0	0	0	1	1	1	0	0	0	0	1	1	0	0	0	0	0	0	0	0	0	1	0	0	0
23A	0	1	0	0	0	0	0	0	1	0	0	1	0	0	0	1	0	0	1	0	0	0	0	0	0	0	1	1	1	0	0	1	0	1	0	0	1	0	0	0	0	0	0	0	1	0	1	0	0	0	1	1	1	0	0	1	0	0	1	0	0	0	0	0	0	0	0	0	1	0	0	0
24A	0	0	0	0	0	0	0	0	1	0	0	0	0	0	0	1	0	0	1	0	0	0	0	0	1	0	1	1	1	0	0	0	0	0	0	0	1	0	0	0	0	0	0	0	1	0	1	0	0	0	1	1	1	0	0	0	0	1	1	0	2	1	0	0	0	0	1	0	1	0	0	0
25A	0	0	0	0	0	0	0	0	1	0	0	0	0	0	0	1	0	0	1	0	0	0	0	0	1	0	1	1	1	0	0	1	0	0	0	0	1	0	0	0	0	0	0	0	1	0	1	0	0	0	1	1	1	0	0	0	0	1	1	0	0	0	0	0	0	0	1	0	1	0	0	0
26A	0	1	1	0	0	0	0	0	1	1	0	1	0	0	0	1	0	0	1	0	0	1	0	0	1	0	1	1	1	0	0	1	0	1	1	0	1	0	0	0	0	0	0	0	0	0	1	0	0	0	1	1	1	0	0	1	0	0	1	0	0	0	0	0	0	0	1	0	1	0	0	0
27A	0	1	0	0	0	0	0	0	1	0	0	0	0	0	0	1	0	0	1	0	0	0	0	0	0	0	1	1	1	0	0	1	0	0	0	0	1	0	0	0	0	0	0	0	0	0	0	0	0	0	1	1	1	0	0	1	0	0	0	0	0	0	0	0	0	0	0	0	1	0	0	0
28A	0	1	0	0	0	0	0	0	1	0	0	1	0	0	0	0	0	0	1	0	0	0	0	0	0	0	1	1	1	0	0	1	0	1	0	0	1	0	0	0	0	0	0	0	0	0	1	0	0	0	1	1	1	0	0	1	0	1	1	0	0	1	0	0	0	0	0	0	1	0	0	0
29A	0	1	0	0	0	0	1	0	1	1	0	1	1	0	1	1	0	1	1	1	0	1	0	0	1	0	1	1	1	1	0	1	0	0	0	1	1	0	0	1	1	1	1	0	1	0	1	0	0	0	1	1	1	0	0	1	0	1	1	0	0	0	0	0	0	0	1	0	1	0	0	0
30A	0	1	0	0	0	0	1	0	1	1	0	1	1	0	1	1	0	1	1	1	0	1	0	0	1	0	1	1	1	1	0	1	0	0	0	1	1	0	0	1	1	1	1	0	1	0	1	0	0	0	1	1	1	0	0	1	0	1	1	0	0	0	0	0	0	0	0	0	1	0	0	0
31A	0	1	1	0	0	0	0	0	1	1	0	1	0	0	0	0	0	0	1	0	0	0	0	0	1	0	1	1	1	0	0	1	0	0	1	0	1	0	0	0	0	0	0	0	0	0	1	0	0	0	1	1	1	0	0	1	0	0	0	0	1	0	0	0	0	0	1	0	1	0	0	0
32A	0	1	0	0	0	0	1	0	1	0	0	1	0	0	0	1	0	1	1	0	0	0	0	0	0	0	1	1	1	0	0	1	0	0	1	0	1	0	0	1	1	1	0	0	0	0	1	0	0	0	1	1	1	0	0	1	0	1	1	0	0	0	0	0	0	0	0	0	1	0	0	0
33A	1	1	0	1	1	1	1	1	1	0	1	1	1	1	1	1	1	1	1	1	1	1	1	1	0	1	1	1	1	1	0	1	0	0	0	1	1	1	1	0	0	0	0	1	1	1	1	1	1	1	1	1	1	1	1	1	1	1	1	1	0	0	1	1	1	1	1	1	0	1	1	1
34A	0	1	0	0	0	0	0	0	1	0	0	1	1	0	0	1	0	0	1	0	0	1	0	0	0	0	1	1	1	0	0	1	0	0	0	0	1	0	0	1	1	0	0	0	0	0	1	0	0	0	1	1	1	0	0	0	0	1	1	0	1	1	0	0	0	0	1	0	1	0	0	0
35A	0	1	1	0	0	0	0	0	1	0	0	0	0	0	0	1	0	1	1	0	0	0	0	0	0	0	1	1	1	0	0	0	0	1	0	0	1	0	0	0	0	0	0	0	1	0	1	0	0	0	1	1	1	0	0	1	0	0	0	0	1	0	1	0	0	0	0	0	1	0	0	0
36A	0	1	0	0	0	0	0	0	1	0	0	1	0	0	0	1	0	0	1	0	0	0	0	0	0	0	1	1	1	0	0	1	0	1	0	0	1	0	0	0	0	0	0	0	1	0	1	0	0	0	1	1	1	0	0	1	0	0	1	0	0	0	0	0	0	0	0	0	1	0	0	0
37A	0	1	0	0	0	0	0	0	1	0	0	1	0	0	0	1	0	0	1	0	0	0	0	0	0	0	1	1	1	0	0	1	0	1	0	0	1	0	0	0	0	0	0	0	1	0	1	0	0	0	0	1	1	0	0	1	0	0	1	0	0	0	0	0	0	0	0	0	1	0	0	0
38A	0	1	0	0	0	0	0	0	1	0	0	1	0	0	0	1	0	0	1	0	0	0	0	0	0	0	1	1	1	0	0	1	0	1	0	0	1	0	0	0	0	0	0	0	1	0	1	0	0	0	1	1	1	0	0	1	0	0	1	0	0	0	0	0	0	0	0	0	1	0	0	0
39A	0	1	0	0	0	0	0	0	1	0	0	1	0	0	0	1	0	0	1	0	0	0	0	0	0	0	1	1	1	0	0	1	0	1	0	0	1	0	0	0	0	0	0	0	1	0	1	0	0	0	1	1	1	0	0	1	0	0	1	0	0	0	0	0	0	0	0	0	1	0	0	0
40A	0	1	0	0	0	0	0	0	1	0	0	1	0	0	0	1	0	0	1	0	0	0	0	0	0	0	1	1	1	0	0	1	0	1	0	0	1	0	0	0	0	0	0	0	1	0	1	0	0	0	1	1	1	0	0	1	0	0	1	0	0	0	0	0	0	0	0	0	1	0	0	0
41A	0	1	0	0	0	0	0	0	1	0	0	1	0	0	0	1	0	0	1	0	0	0	0	0	0	0	1	1	1	0	0	1	0	1	0	0	1	0	0	0	0	0	0	0	1	0	1	0	0	0	1	1	1	0	0	1	0	0	1	0	0	0	0	0	0	0	0	0	1	0	0	0
42A	0	1	0	0	0	0	0	0	1	0	0	1	0	0	0	1	0	0	1	0	0	0	0	0	0	0	1	1	1	0	0	1	0	1	0	0	1	0	0	0	0	0	0	0	1	0	1	0	0	0	1	1	1	0	0	1	0	0	1	0	0	0	0	0	0	0	0	0	1	0	0	0
43A	0	1	0	0	0	0	0	0	1	0	0	1	0	0	0	1	0	0	1	0	0	0	0	0	0	0	1	1	1	0	0	1	0	1	0	0	1	0	0	0	0	0	0	0	1	0	1	0	0	0	1	1	1	0	0	1	0	0	1	0	0	0	0	0	0	0	0	0	1	0	0	0
44A	0	1	0	0	0	0	0	0	1	0	0	1	0	0	0	1	0	0	1	0	0	0	0	0	0	0	1	1	1	0	0	1	0	1	0	0	1	0	0	0	0	0	0	0	1	0	1	0	0	0	1	1	1	0	0	1	0	0	1	0	0	0	0	0	0	0	0	0	1	0	0	0
45A	0	1	0	0	0	0	0	0	1	0	0	1	0	0	0	1	0	0	1	0	0	0	0	0	0	0	1	1	1	0	0	1	0	1	0	0	1	0	0	0	0	0	0	0	1	0	1	0	0	0	1	1	1	0	0	1	0	0	1	0	0	0	0	0	0	0	0	0	1	0	0	0
46A	0	1	0	0	0	0	0	0	1	0	0	1	0	0	0	1	0	0	0	0	0	0	0	0	0	0	1	1	1	0	0	1	0	1	0	0	1	0	0	0	0	0	0	0	1	0	1	0	0	0	1	1	1	0	0	1	0	0	1	0	0	0	0	0	0	0	0	0	1	0	0	0
47A	0	1	0	0	0	0	0	0	1	0	0	1	0	0	0	1	0	0	1	0	0	0	0	0	0	0	1	1	1	0	0	1	0	1	0	0	1	0	0	0	0	0	0	0	1	0	1	0	0	0	0	1	1	0	0	1	0	0	1	0	0	0	0	0	0	0	0	0	1	0	0	0
48A	0	1	0	0	0	0	0	0	1	0	0	1	0	0	0	1	0	0	1	0	0	0	0	0	0	0	1	1	1	0	0	1	0	1	0	0	1	0	0	0	0	0	0	0	1	0	1	0	0	0	1	1	1	0	0	1	0	0	1	0	0	0	0	0	0	0	0	0	1	0	0	0
49A	0	1	0	0	0	0	0	0	1	0	0	1	0	0	0	1	0	0	1	0	0	0	0	0	0	0	1	1	1	0	0	1	0	1	0	0	1	0	0	0	0	0	0	0	1	0	1	0	0	0	1	1	1	0	0	1	0	0	1	0	0	0	0	0	0	0	0	0	1	0	0	0
50A	0	1	0	0	0	0	0	0	1	0	0	1	0	0	0	1	0	0	1	0	0	0	0	0	0	0	1	1	1	0	0	1	0	1	0	0	1	0	0	0	0	0	0	0	1	0	1	0	0	0	1	1	1	0	0	1	0	0	1	0	0	0	0	0	0	0	0	0	1	0	0	0
51A	0	1	0	0	0	0	0	0	1	0	0	1	0	0	0	1	0	0	1	0	0	0	0	0	0	0	1	1	1	0	0	1	0	1	0	0	1	0	0	0	0	0	0	0	1	0	1	0	0	0	1	1	1	0	0	1	0	0	1	0	0	0	0	0	0	0	0	0	1	0	0	0
52A	0	1	0	0	0	0	0	0	1	0	0	1	0	0	0	1	0	0	1	0	0	0	0	0	0	0	1	1	1	0	0	1	0	1	0	0	1	0	0	0	0	0	0	0	1	0	1	0	0	0	1	1	1	0	0	1	0	0	1	0	0	0	0	0	0	0	0	0	1	0	0	0
53A	0	1	0	0	0	0	0	0	1	0	0	1	0	0	0	1	0	0	1	0	0	0	0	0	0	0	1	1	1	0	0	1	0	1	0	0	1	0	0	0	0	0	0	0	1	0	1	0	0	0	1	1	1	0	0	1	0	0	1	0	0	0	0	0	0	0	0	0	1	0	0	0
54A	0	1	0	0	0	0	1	0	1	0	0	1	1	0	0	0	0	0	1	0	0	0	0	0	0	0	1	1	1	0	0	1	0	1	0	0	1	0	0	0	0	0	0	0	0	0	0	0	0	0	1	1	1	0	0	1	0	0	1	0	0	0	0	0	0	0	0	0	1	0	0	0
55A	0	1	0	0	0	0	1	0	1	0	0	1	1	0	0	0	0	0	1	0	0	0	0	0	0	0	1	1	1	0	0	1	0	1	0	0	1	0	0	0	0	0	0	0	0	0	0	0	0	0	1	1	1	0	0	1	0	0	1	0	0	0	0	0	0	0	0	0	1	0	0	0
56A	0	1	0	0	0	0	1	0	1	0	0	1	1	0	0	0	0	0	1	0	0	0	0	0	0	0	1	1	1	0	0	1	0	1	0	0	1	0	0	0	0	0	0	0	0	0	0	0	0	0	1	1	1	0	0	1	0	0	1	0	0	0	0	0	0	0	0	0	1	0	0	0
57A	0	1	0	0	0	0	1	0	1	0	0	1	1	0	0	0	0	0	1	0	0	0	0	0	0	0	1	1	1	0	0	1	0	1	0	0	1	0	0	0	0	0	0	0	0	0	0	0	0	0	1	1	1	0	0	1	0	0	1	0	0	0	0	0	0	0	0	0	1	0	0	0
58A	0	1	0	0	0	0	1	0	1	0	0	1	1	0	0	0	0	0	1	0	0	0	0	0	0	0	1	1	1	0	0	1	0	1	0	0	1	0	0	0	0	0	0	0	0	0	0	0	0	0	1	1	1	0	0	1	0	0	1	0	0	0	0	0	0	0	0	0	1	0	0	0
59A	0	1	0	0	0	0	1	0	1	0	0	1	1	0	0	0	0	0	1	0	0	0	0	0	0	0	1	1	1	0	0	1	0	1	0	0	1	0	0	0	0	0	0	0	0	0	0	0	0	0	1	1	1	0	0	1	0	0	1	0	0	0	0	0	0	0	0	0	1	0	0	0
60A	0	1	0	0	0	0	1	0	1	0	0	0	0	0	0	1	0	0	0	0	0	0	0	0	0	0	1	1	1	0	0	1	1	1	1	0	1	0	0	0	0	0	0	0	0	0	1	0	0	0	1	1	1	0	0	1	0	1	1	0	1	0	0	0	0	0	1	0	1	0	0	0
61A	0	1	0	0	0	0	1	0	1	0	0	1	1	0	0	0	0	0	1	0	0	0	0	0	0	0	1	1	1	0	0	1	0	1	0	0	1	0	0	0	0	0	0	0	0	0	0	0	0	0	1	1	1	0	0	1	0	0	1	0	0	0	0	0	0	0	0	0	1	0	0	0
62A	0	1	0	0	0	0	0	0	1	0	0	1	0	0	0	1	0	0	1	0	0	0	0	0	0	0	1	1	1	0	0	1	0	1	0	0	1	0	0	0	0	0	0	0	1	0	1	0	0	0	1	1	1	0	0	1	0	0	1	0	0	0	0	0	0	0	0	0	1	0	0	0
63A	0	1	0	0	0	0	1	0	1	0	0	1	0	0	0	1	0	1	0	0	0	0	0	0	0	0	1	1	1	0	0	1	0	0	1	0	1	0	0	1	1	1	0	0	0	1	1	0	0	0	1	1	1	0	0	1	0	1	1	0	0	0	0	0	0	0	1	0	1	0	0	0
64A	0	1	0	0	0	0	0	0	1	0	0	1	0	0	0	1	0	0	1	0	0	0	0	0	0	0	1	1	1	0	0	1	0	1	0	0	1	0	0	0	0	0	0	0	0	0	1	0	0	0	1	1	1	0	0	1	0	0	1	0	0	0	0	0	0	0	1	0	1	0	0	0
